Score Matrix:
========================================
                h       e       a       g       a       w       g       h       e       e   
        0       0       0       0       0       0       0       0       0       0       0   
p       0       0       0       0       0       0       0       0       0       0       0   
a       0       0       0       1       1       1       1       1       1       1       1   
w       0       0       0       1       1       1       2       2       2       2       2   
h       0       1       1       1       1       1       2       2       3       3       3   
e       0       1       2       2       2       2       2       2       3       4       4   
a       0       1       2       3       3       3       3       3       3       4       4   
e       0       1       2       3       3       3       3       3       3       4       5   
========================================